Layer 0 weights:
Neuron 0: 13.518073 -4.7590036 0.95326626 5.1539073 
Neuron 1: -5.543697 6.2321086 -6.2322054 -5.8275356 
Neuron 2: -2.7123425 14.493928 -2.1724129 2.5691488 
Neuron 3: -5.61977 -6.0552406 -9.255815 2.7871356 
Neuron 4: -7.624574 4.8521905 5.2940264 -6.5747356 
Neuron 5: 0.5544882 8.520798 -2.285014 -6.6883316 

Layer 1 weights:
Neuron 0: 9.335171 -8.152243 13.16694 -1.7373633 -0.55393034 6.7290897 
Neuron 1: 4.7919116 -3.9978878 -2.7504508 6.444435 2.4128165 6.2968936 
Neuron 2: 1.4607658 0.46575224 -6.282813 -5.293058 -7.3382006 -6.0399013 
Neuron 3: -8.631061 -0.7062453 14.058985 -1.4900267 -3.0170708 -3.3774827 
Neuron 4: 3.3413715 0.30396014 -7.569941 -1.5689266 -2.340732 6.3478518 
Neuron 5: -10.450101 -10.891557 1.662433 14.653229 -4.821483 5.91411 
Neuron 6: -1.7000214 -13.839201 -14.477964 -5.7181225 -3.6584048 1.075569 
Neuron 7: -5.6432714 -4.654911 5.1421876 14.778586 -9.223782 -2.7486699 
Neuron 8: 6.4851 1.1990062 1.4491373 8.598225 -6.7075768 1.9177976 
Neuron 9: -5.5850143 -2.1082022 0.59906626 5.9031086 -10.722379 -20.108103 
Neuron 10: 10.991131 5.7101192 -1.4641911 5.7190347 6.3246922 -0.18390903 
Neuron 11: -13.68808 -4.6778607 -6.331447 -3.1257756 4.659083 -2.7595801 
Neuron 12: 3.7958772 6.3470473 5.149036 13.8134775 -3.70933 -3.2948537 
Neuron 13: 2.010776 0.08154779 -11.046658 0.57733 -4.635861 -9.7328415 
Neuron 14: 4.8258324 -2.175465 -0.6356514 -12.407652 2.2488863 -1.6197575 
Neuron 15: -7.1500087 -1.4937476 -3.9452045 10.2131605 -2.1168487 1.3155811 
Neuron 16: -10.398017 13.236804 7.934464 -3.666207 -16.43324 -11.140323 
Neuron 17: 9.346399 3.1311877 -1.3242841 1.163456 8.6777 0.30033877 
Neuron 18: 15.712649 19.164688 4.484637 -14.157785 11.2479315 3.2991521 
Neuron 19: 2.0855932 -1.7211471 3.3826694 20.585567 11.968163 1.8490171 
Neuron 20: -2.1276517 -7.157157 -1.1599699 -10.744117 -12.076526 -2.82266 
Neuron 21: -1.7415578 -6.582398 2.5582123 -8.3905325 -5.931626 -11.555665 
Neuron 22: -5.535849 -4.5320363 -6.1658874 6.395342 2.2593703 -9.942297 
Neuron 23: 5.833939 3.7499979 -17.255175 4.286341 -0.24231791 6.384268 
Neuron 24: 10.963849 6.415127 -0.45325467 -1.7409637 1.9154432 -10.883574 
Neuron 25: 6.906258 -5.4322457 12.257292 -1.2164595 1.9536173 -8.491412 
Neuron 26: -0.46650636 -10.645591 -4.024159 -10.362499 -7.898872 -2.8099833 
Neuron 27: -7.278806 -8.452728 6.7227407 -4.6011786 4.980737 5.5097423 
Neuron 28: -8.835149 -17.627127 12.162803 4.628663 8.822899 -0.6302421 
Neuron 29: 6.7061205 -5.1042123 3.9598596 -7.1814895 8.939064 6.642645 
Neuron 30: -10.79606 -8.4362135 -4.449877 -7.1163516 3.683843 3.4143858 
Neuron 31: 2.3595436 -6.807719 -10.347646 -11.49436 7.7206717 -3.3617609 
Neuron 32: -6.8185935 8.821262 -5.729742 0.7710155 -0.030306697 8.154861 
Neuron 33: -14.714859 0.5938026 -1.001711 1.973977 -6.4348636 -8.8469095 
Neuron 34: 1.0321674 -11.299907 -4.1848636 7.304628 0.93181145 -12.768258 
Neuron 35: -4.344165 5.829052 -6.8924046 -12.871255 3.5239534 8.668067 

Layer 2 weights:
Neuron 0: -0.3631124 -8.1194 5.846802 -4.2058096 0.66353923 -7.7532563 -9.278513 1.4767053 -12.647278 4.0861444 -3.0642078 7.15196 3.5257418 -13.763011 -3.4181955 3.1792717 -1.1505959 -2.5237694 -12.599523 -1.0896899 2.0603395 1.9848309 11.665823 0.7338646 2.6988418 5.32546 -0.009716988 -4.4528923 -16.555004 -9.849342 -23.006552 2.8002238 -5.3273487 -4.8356104 -0.15106218 1.1597204 
Neuron 1: -11.089034 15.739534 -5.5468583 7.694153 -4.546504 5.6262436 5.664497 5.2152233 -1.7978721 -0.25623548 4.6236205 1.9895246 -13.6875725 5.822029 5.342616 2.2618535 4.785768 7.074876 3.6664634 7.3248014 19.161438 -4.9742413 3.541234 -4.217368 -5.2135983 0.96002847 11.419935 0.019528188 3.0586379 8.392732 12.598701 -8.993758 -11.748851 9.528885 -8.48736 -1.413122 
Neuron 2: 6.1137385 -4.1736016 0.6204587 2.4361174 1.8478601 7.004904 -2.3375714 -12.267472 -6.1083503 2.788159 0.3021282 -0.57487696 1.2927771 -2.0798326 3.350024 -12.317825 -0.68618983 -18.204868 9.550844 4.8902445 5.835943 7.0621233 0.47801298 4.1363726 3.536971 7.4736648 -1.9506017 -4.2623663 -1.8617184 -11.931837 7.1651483 3.7178106 -11.825052 9.382951 0.19143775 5.4494867 
Neuron 3: 11.301334 -2.1077902 -3.812493 -8.923784 9.65005 1.6183047 -7.918141 -10.078672 11.347612 5.2455783 -0.43268582 2.7381754 -4.097544 2.4038486 -3.6105733 1.5693942 4.633912 1.8798788 -7.754803 -1.4873962 3.971968 -4.0482283 9.4446535 -9.680288 3.4630163 -8.242306 3.6896186 -1.2567207 3.5320296 3.4930835 -1.1104236 11.916008 14.178589 -6.9648814 6.235972 -6.3139563 
Neuron 4: -5.4461823 -8.849272 7.4431686 -3.8362458 0.2514019 -9.915374 -8.530525 -6.50675 -7.2581706 0.089132324 -15.416524 3.3089175 4.2562585 -8.422645 6.37228 2.5402412 -2.7538273 5.9754415 2.45436 1.4568022 2.0664601 9.897426 -3.2956161 -2.811853 -14.870526 1.1303667 -5.7132215 -5.2217584 6.0911674 0.81610364 16.22777 6.260251 13.564494 -2.712046 -2.8635702 6.8299117 
Neuron 5: -5.1972475 12.922271 9.2335615 -5.880549 -3.3748906 3.9186792 -2.8931687 7.2836833 3.7264233 -19.538334 -4.2363615 10.285265 7.882684 -3.4630396 -8.665534 -0.72752684 -7.524951 9.506538 6.1660604 -2.844425 1.5803248 1.6057005 -0.7770178 6.116341 -6.4587307 8.994898 7.5854616 16.81824 6.8741207 5.6773896 -1.9985621 -4.6522493 -0.15165764 0.54871315 14.641971 -6.5197015 

Layer 3 weights:
Neuron 0: 8.028395 3.4600456 0.18249822 7.9868407 -1.9679042 -5.8707805 
Neuron 1: -7.779435 10.696853 8.657571 -9.4735365 -7.5126157 0.57818925 
Neuron 2: -7.096522 -3.8384204 5.6210895 -0.82860893 4.372892 -3.8641915 

Layer 4 weights:
Neuron 0: 9.084208 -8.730608 -0.11545996 

